DocNo,PdtName,ScanningDoneBy,Description,CreatedDate,CreatedBy,Type
PI-228,,,,21/11/2016 10:52:02 AM,admin,PI
Id,DocNo,Location,Barcode,ItemNo,CategoryCode,Description,SystemQty,CountQty,Variance,VarianceAdjustment,Remarks,ManualCount,UnitCost
16449,PI-228,,0000002623733,262373,21,PADDED BRA+PANTS/SET,44,0,-44,0,,0,10.00000000000000000000
16450,PI-228,,0000002627571,262757,23,PLAIN SOCKS,31,0,-31,0,,0,0.00000000000000000000
16451,PI-228,,0000002660653,266065,21,MATCHING BRA/UNDERWIRED/UNPADDED,31,0,-31,0,,0,21.00000000000000000000
16452,PI-228,,0000002660677,266067,21,MATCHING BRIEFS/THONG/SHORTY BRIEFS,37,0,-37,0,,0,0.00000000000000000000
16453,PI-228,,0000002660752,266075,21,PACK OF BRIEFS,87,0,-87,0,,0,20.00000000000000000000
16454,PI-228,,0000002661476,266147,21,MATCHING BRIEFS/THONG/SHORTY BRIEFS,20,0,-20,0,,0,0.00000000000000000000
16455,PI-228,,0000002661483,266148,21,MATCHING BRA-BUSTIER/PADDED,2,0,-2,0,,0,0.00000000000000000000
16456,PI-228,,0000002661759,266175,21,MATCHING BRIEFS/THONG/SHORTY BRIEFS,180,0,-180,0,,0,0.00000000000000000000
16457,PI-228,,0000002661766,266176,21,MATCHING BRIEFS/THONG/SHORTY BRIEFS,261,0,-261,0,,0,0.00000000000000000000
16458,PI-228,,0000002661780,266178,21,MATCHING BRA-BUSTIER/PADDED,193,0,-193,0,,0,0.00000000000000000000
16459,PI-228,,0000002661803,266180,21,MATCHING BRIEFS/THONG/SHORTY BRIEFS,252,0,-252,0,,0,0.00000000000000000000
16460,PI-228,,0000002661872,266187,21,MATCHING BRA-BUSTIER/PADDED,93,0,-93,0,,0,0.00000000000000000000
16461,PI-228,,0000002661889,266188,21,MATCHING BRIEFS/THONG/SHORTY BRIEFS,74,0,-74,0,,0,0.00000000000000000000
16462,PI-228,,0000002661896,266189,21,MATCHING BRIEFS/THONG/SHORTY BRIEFS,71,0,-71,0,,0,0.00000000000000000000
16463,PI-228,,0000002661971,266197,21,MATCHING BRA-BUSTIER/PADDED,155,0,-155,0,,0,0.00000000000000000000
16464,PI-228,,0000002661988,266198,21,MATCHING BRIEFS/THONG/SHORTY BRIEFS,229,0,-229,0,,0,0.00000000000000000000
16465,PI-228,,0000002671390,267139,21,MATCHING BRA-BUSTIER/PADDED,4,0,-4,0,,0,0.00000000000000000000
16466,PI-228,,0000002671406,267140,21,MATCHING BRIEFS/THONG/SHORTY BRIEFS,116,0,-116,0,,0,0.00000000000000000000
16467,PI-228,,0000002671413,267141,21,MATCHING BRA-BUSTIER/PADDED,142,0,-142,0,,0,0.00000000000000000000
16468,PI-228,,0000002671420,267142,21,MATCHING BRIEFS/THONG/SHORTY BRIEFS,213,0,-213,0,,0,0.00000000000000000000
16469,PI-228,,0000002682570,268257,21,MATCHING BRA-BUSTIER/PADDED,17,0,-17,0,,0,0.00000000000000000000
16470,PI-228,,0000002682587,268258,21,MATCHING BRIEFS/THONG/SHORTY BRIEFS,133,0,-133,0,,0,0.00000000000000000000
16471,PI-228,,0000002682624,268262,21,PACK OF BRIEFS,24,0,-24,0,,0,0.00000000000000000000
16472,PI-228,,0000002708607,270860,21,PACK OF BRIEFS,69,0,-69,0,,0,0.00000000000000000000
16473,PI-228,,0000002721378,272137,25,TREGGINGS/LEGGINGS,95,0,-95,0,,0,0.00000000000000000000
16474,PI-228,,0000002724126,272412,21,MATCHING BRA-BUSTIER/PADDED,8,0,-8,0,,0,0.00000000000000000000
16475,PI-228,,0000002724140,272414,21,MATCHING BRA-BUSTIER/PADDED,33,0,-33,0,,0,0.00000000000000000000
16476,PI-228,,0000002724164,272416,21,MATCHING BRA/UNDERWIRED/UNPADDED,20,0,-20,0,,0,0.00000000000000000000
16477,PI-228,,0000002724171,272417,21,MATCHING BRIEFS/THONG/SHORTY BRIEFS,55,0,-55,0,,0,0.00000000000000000000
16478,PI-228,,0000002724188,272418,21,MATCHING BRIEFS/THONG/SHORTY BRIEFS,49,0,-49,0,,0,0.00000000000000000000
16479,PI-228,,0000002724195,272419,21,MATCHING BRIEFS/THONG/SHORTY BRIEFS,30,0,-30,0,,0,0.00000000000000000000
16480,PI-228,,0000002724201,272420,21,PACK OF BRIEFS,60,0,-60,0,,0,0.00000000000000000000
16481,PI-228,,0000002724232,272423,21,BRA-BUSTIER/PADDED,25,0,-25,0,,0,0.00000000000000000000
16482,PI-228,,0000002724249,272424,21,BRIEF/PANTS UNIT,125,0,-125,0,,0,0.00000000000000000000
16483,PI-228,,0000002724270,272427,21,SLIP/PETTICOAT,29,0,-29,0,,0,0.00000000000000000000
16484,PI-228,,0000002724287,272428,21,SLIP/PETTICOAT,39,0,-39,0,,0,0.00000000000000000000
16485,PI-228,,0000002724294,272429,21,MATCHING BRA-BUSTIER/PADDED,67,0,-67,0,,0,0.00000000000000000000
16486,PI-228,,0000002724324,272432,21,MATCHING BRIEFS/THONG/SHORTY BRIEFS,160,0,-160,0,,0,0.00000000000000000000
16487,PI-228,,0000002724331,272433,21,MATCHING BRIEFS/THONG/SHORTY BRIEFS,205,0,-205,0,,0,0.00000000000000000000
16488,PI-228,,0000002724614,272461,21,MATCHING BRA/UNDERWIRED/UNPADDED,31,0,-31,0,,0,0.00000000000000000000
16489,PI-228,,0000002724621,272462,21,MATCHING BRIEFS/THONG/SHORTY BRIEFS,64,0,-64,0,,0,0.00000000000000000000
16490,PI-228,,0000002724683,272468,21,MATCHING BRA/UNDERWIRED/UNPADDED,31,0,-31,0,,0,0.00000000000000000000
16491,PI-228,,0000002724690,272469,21,MATCHING BRIEFS/THONG/SHORTY BRIEFS,104,0,-104,0,,0,0.00000000000000000000
16492,PI-228,,0000002724775,272477,21,PACK OF BRIEFS,4,0,-4,0,,0,0.00000000000000000000
16493,PI-228,,0000002728391,272839,23,PLAIN SOCKS,3,0,-3,0,,0,0.00000000000000000000
16494,PI-228,,0000002739991,273999,21,MATCHING BRA-BUSTIER/PADDED,128,0,-128,0,,0,0.00000000000000000000
16495,PI-228,,0000002740027,274002,21,MATCHING BRIEFS/THONG/SHORTY BRIEFS,160,0,-160,0,,0,0.00000000000000000000
16496,PI-228,,0000002744643,274464,21,PACK OF BRIEFS,138,0,-138,0,,0,0.00000000000000000000
16497,PI-228,,0000002744919,274491,21,SHORTY BRIEFS/BOXER BRIEFS UNIT,141,0,-141,0,,0,0.00000000000000000000
16498,PI-228,,0000002745862,274586,21,PACK OF BRIEFS,4,0,-4,0,,0,0.00000000000000000000
16499,PI-228,,0000002746517,274651,21,PACK OF BRIEFS,4,0,-4,0,,0,0.00000000000000000000
16500,PI-228,,0000002749976,274997,21,MATCHING BRA-BUSTIER/PADDED,131,0,-131,0,,0,0.00000000000000000000
16501,PI-228,,0000002749983,274998,21,MATCHING BRIEFS/THONG/SHORTY BRIEFS,161,0,-161,0,,0,0.00000000000000000000
16502,PI-228,,0000002798578,279857,21,MATCHING BRIEFS/THONG/SHORTY BRIEFS,6,0,-6,0,,0,0.00000000000000000000
16503,PI-228,,0000002798585,279858,21,MATCHING BRIEFS/THONG/SHORTY BRIEFS,15,0,-15,0,,0,0.00000000000000000000
16504,PI-228,,0000002798592,279859,21,MATCHING BRIEFS/THONG/SHORTY BRIEFS,15,0,-15,0,,0,0.00000000000000000000
16505,PI-228,,0000002798608,279860,21,MATCHING BRA/UNDERWIRED/UNPADDED,51,0,-51,0,,0,0.00000000000000000000
16506,PI-228,,0000002798622,279862,21,MATCHING BRA-TOP/NON-WIRED,64,0,-64,0,,0,0.00000000000000000000
16507,PI-228,,0000002798639,279863,21,MATCHING BRIEFS/THONG/SHORTY BRIEFS,118,0,-118,0,,0,0.00000000000000000000
16508,PI-228,,0000002798646,279864,21,MATCHING BRIEFS/THONG/SHORTY BRIEFS,117,0,-117,0,,0,0.00000000000000000000
16509,PI-228,,0000002798653,279865,21,MATCHING BRIEFS/THONG/SHORTY BRIEFS,83,0,-83,0,,0,0.00000000000000000000
16510,PI-228,,0000002798677,279867,21,MATCHING BRIEFS/THONG/SHORTY BRIEFS,119,0,-119,0,,0,0.00000000000000000000
16511,PI-228,,0000002798684,279868,21,MATCHING BRIEFS/THONG/SHORTY BRIEFS,43,0,-43,0,,0,0.00000000000000000000
16512,PI-228,,0000002798721,279872,21,MATCHING BRA-BUSTIER/PADDED,3,0,-3,0,,0,0.00000000000000000000
16513,PI-228,,0000002798738,279873,21,MATCHING BRIEFS/THONG/SHORTY BRIEFS,79,0,-79,0,,0,0.00000000000000000000
16514,PI-228,,0000002798745,279874,21,MATCHING BRIEFS/THONG/SHORTY BRIEFS,23,0,-23,0,,0,0.00000000000000000000
16515,PI-228,,0000002798752,279875,21,MATCHING BRA-BUSTIER/PADDED,118,0,-118,0,,0,0.00000000000000000000
16516,PI-228,,0000002798769,279876,21,MATCHING BRIEFS/THONG/SHORTY BRIEFS,270,0,-270,0,,0,0.00000000000000000000
16517,PI-228,,0000002798776,279877,21,MATCHING BRA-BUSTIER/PADDED,12,0,-12,0,,0,0.00000000000000000000
16518,PI-228,,0000002798783,279878,21,MATCHING BRA-BUSTIER/PADDED,15,0,-15,0,,0,0.00000000000000000000
16519,PI-228,,0000002798790,279879,21,MATCHING BRIEFS/THONG/SHORTY BRIEFS,110,0,-110,0,,0,0.00000000000000000000
16520,PI-228,,0000002798806,279880,21,MATCHING BRIEFS/THONG/SHORTY BRIEFS,36,0,-36,0,,0,0.00000000000000000000
16521,PI-228,,0000002798813,279881,21,MATCHING BRA-BUSTIER/PADDED,17,0,-17,0,,0,0.00000000000000000000
16522,PI-228,,0000002798820,279882,21,MATCHING BRA-BUSTIER/PADDED,14,0,-14,0,,0,0.00000000000000000000
16523,PI-228,,0000002798837,279883,21,MATCHING BRIEFS/THONG/SHORTY BRIEFS,114,0,-114,0,,0,0.00000000000000000000
16524,PI-228,,0000002798844,279884,21,MATCHING BRIEFS/THONG/SHORTY BRIEFS,31,0,-31,0,,0,0.00000000000000000000
16525,PI-228,,0000002798899,279889,21,MATCHING BRA-BUSTIER/PADDED,1,0,-1,0,,0,0.00000000000000000000
16526,PI-228,,0000002798905,279890,21,MATCHING BRA-BUSTIER/PADDED,2,0,-2,0,,0,0.00000000000000000000
16527,PI-228,,0000002798912,279891,21,MATCHING BRIEFS/THONG/SHORTY BRIEFS,20,0,-20,0,,0,0.00000000000000000000
16528,PI-228,,0000002798929,279892,21,MATCHING BRIEFS/THONG/SHORTY BRIEFS,31,0,-31,0,,0,0.00000000000000000000
16529,PI-228,,0000002798950,279895,21,BRA-BUSTIER/PADDED,1,0,-1,0,,0,0.00000000000000000000
16530,PI-228,,0000002798967,279896,21,BRA-BUSTIER/PADDED,1,0,-1,0,,0,0.00000000000000000000
16531,PI-228,,0000002798981,279898,21,SHORTY BRIEFS/BOXER BRIEFS UNIT,68,0,-68,0,,0,0.00000000000000000000
16532,PI-228,,0000002799001,279900,21,PADDED BRA+PANTS/SET,5,0,-5,0,,0,0.00000000000000000000
16533,PI-228,,0000002799018,279901,21,PADDED BRA+PANTS/SET,1,0,-1,0,,0,0.00000000000000000000
16534,PI-228,,0000002799032,279903,21,SHORTY BRIEFS/BOXER BRIEFS UNIT,126,0,-126,0,,0,0.00000000000000000000
16535,PI-228,,0000002799049,279904,21,PACK OF BRIEFS,5,0,-5,0,,0,0.00000000000000000000
16536,PI-228,,0000002799056,279905,21,SHORTY BRIEFS/BOXER BRIEFS UNIT,65,0,-65,0,,0,0.00000000000000000000
16537,PI-228,,0000002799063,279906,21,SHORTY BRIEFS/BOXER BRIEFS UNIT,224,0,-224,0,,0,0.00000000000000000000
16538,PI-228,,0000002799070,279907,21,PACK OF BRIEFS,110,0,-110,0,,0,0.00000000000000000000
16539,PI-228,,0000002799087,279908,21,PACK OF BRIEFS,2,0,-2,0,,0,0.00000000000000000000
16540,PI-228,,0000002799100,279910,21,PACK OF BRIEFS,4,0,-4,0,,0,0.00000000000000000000
16541,PI-228,,0000002799254,279925,21,PACK OF BRIEFS,10,0,-10,0,,0,0.00000000000000000000
16542,PI-228,,0000002799674,279967,23,CHAUSSETTE FEMME PP- X5 N/B,60,0,-60,0,,0,0.00000000000000000000
16543,PI-228,,0000002799681,279968,23,SOCKS FOOTSIES,-50,0,50,0,,0,0.00000000000000000000
16544,PI-228,,0000002800103,280010,23,SOCKS FOOTSIES,-1,0,1,0,,0,0.00000000000000000000
16545,PI-228,,0000002814780,281478,23,PLAIN SOCKS,3,0,-3,0,,0,0.00000000000000000000
16546,PI-228,,0000002820057,282005,21,MATCHING BRA/UNDERWIRED/UNPADDED,47,0,-47,0,,0,0.00000000000000000000
16547,PI-228,,0000002820064,282006,21,MATCHING BRIEFS/THONG/SHORTY BRIEFS,48,0,-48,0,,0,0.00000000000000000000
16548,PI-228,,0000002820118,282011,21,MATCHING BRA/UNDERWIRED/UNPADDED,263,0,-263,0,,0,0.00000000000000000000
16549,PI-228,,0000002820125,282012,21,MATCHING BRIEFS/THONG/SHORTY BRIEFS,268,0,-268,0,,0,0.00000000000000000000
16550,PI-228,,0000002820163,282016,21,PACK OF BRIEFS,119,0,-119,0,,0,0.00000000000000000000
16551,PI-228,,0000002828640,282864,21,MATCHING BRA-BUSTIER/PADDED,104,0,-104,0,,0,0.00000000000000000000
16552,PI-228,,0000002828657,282865,21,MATCHING BRIEFS/THONG/SHORTY BRIEFS,191,0,-191,0,,0,0.00000000000000000000
16553,PI-228,,0000002828855,282885,21,MATCHING BRA-BUSTIER/PADDED,2,0,-2,0,,0,0.00000000000000000000
16554,PI-228,,0000002828862,282886,21,MATCHING BRIEFS/THONG/SHORTY BRIEFS,34,0,-34,0,,0,0.00000000000000000000
16555,PI-228,,0000002832098,283209,22,KNIT+WOVEN-SHORT PYJAMAS,87,0,-87,0,,0,0.00000000000000000000
16556,PI-228,,0000002833637,283363,21,MATCHING BRA-BUSTIER/PADDED,53,0,-53,0,,0,0.00000000000000000000
16557,PI-228,,0000002849218,284921,21,MATCHING BRIEFS/THONG/SHORTY BRIEFS,212,0,-212,0,,0,0.00000000000000000000
16558,PI-228,,0000002849225,284922,21,MATCHING BRA-BUSTIER/PADDED,39,0,-39,0,,0,0.00000000000000000000
16559,PI-228,,0000002849232,284923,21,MATCHING BRIEFS/THONG/SHORTY BRIEFS,51,0,-51,0,,0,0.00000000000000000000
16560,PI-228,,0000002849249,284924,21,MATCHING BRA-BUSTIER/PADDED,128,0,-128,0,,0,0.00000000000000000000
16561,PI-228,,0000002849256,284925,21,MATCHING BRIEFS/THONG/SHORTY BRIEFS,211,0,-211,0,,0,0.00000000000000000000
16562,PI-228,,0000002849263,284926,21,MATCHING BRA-BUSTIER/PADDED,34,0,-34,0,,0,0.00000000000000000000
16563,PI-228,,0000002849270,284927,21,MATCHING BRIEFS/THONG/SHORTY BRIEFS,58,0,-58,0,,0,0.00000000000000000000
16564,PI-228,,0000002850498,285049,21,MATCHING BRA-BUSTIER/PADDED,29,0,-29,0,,0,0.00000000000000000000
16565,PI-228,,0000002850528,285052,21,MATCHING BRIEFS/THONG/SHORTY BRIEFS,65,0,-65,0,,0,0.00000000000000000000
16566,PI-228,,0000002850535,285053,21,MATCHING BRA-TOP/NON-WIRED,4,0,-4,0,,0,0.00000000000000000000
16567,PI-228,,0000002850542,285054,21,MATCHING BRIEFS/THONG/SHORTY BRIEFS,43,0,-43,0,,0,0.00000000000000000000
16568,PI-228,,0000002850566,285056,21,MATCHING SHORT NIGHTDRESS,16,0,-16,0,,0,0.00000000000000000000
16569,PI-228,,0000002852683,285268,21,MATCHING BRA-BUSTIER/PADDED,39,0,-39,0,,0,0.00000000000000000000
16570,PI-228,,0000002852690,285269,21,MATCHING BRIEFS/THONG/SHORTY BRIEFS,118,0,-118,0,,0,0.00000000000000000000
16571,PI-228,,0000002853000,285300,21,PADDED BRA+PANTS/SET,14,0,-14,0,,0,0.00000000000000000000
16572,PI-228,,0000002853659,285365,21,MATCHING BRA/UNDERWIRED/UNPADDED,88,0,-88,0,,0,0.00000000000000000000
16573,PI-228,,0000002853666,285366,21,MATCHING BRIEFS/THONG/SHORTY BRIEFS,160,0,-160,0,,0,0.00000000000000000000
16574,PI-228,,0000002853673,285367,21,MATCHING BRA/UNDERWIRED/UNPADDED,9,0,-9,0,,0,0.00000000000000000000
16575,PI-228,,0000002853680,285368,21,MATCHING BRIEFS/THONG/SHORTY BRIEFS,18,0,-18,0,,0,0.00000000000000000000
16576,PI-228,,0000002853697,285369,21,MATCHING BRA-BUSTIER/PADDED,68,0,-68,0,,0,0.00000000000000000000
16577,PI-228,,0000002853703,285370,21,MATCHING BRIEFS/THONG/SHORTY BRIEFS,68,0,-68,0,,0,0.00000000000000000000
16578,PI-228,,0000002853857,285385,21,PADDED BRA+PANTS/SET,-1,0,1,0,,0,0.00000000000000000000
16579,PI-228,,0000002856421,285642,21,PACK OF BRIEFS,4,0,-4,0,,0,0.00000000000000000000
16580,PI-228,,0000002856490,285649,21,BRIEF/PANTS UNIT,7,0,-7,0,,0,0.00000000000000000000
16581,PI-228,,0000002856865,285686,21,MATCHING BRA/UNDERWIRED/UNPADDED,36,0,-36,0,,0,0.00000000000000000000
16582,PI-228,,0000002856872,285687,21,MATCHING BRIEFS/THONG/SHORTY BRIEFS,36,0,-36,0,,0,0.00000000000000000000
16583,PI-228,,0000002856889,285688,21,MATCHING BRA-BUSTIER/PADDED,17,0,-17,0,,0,0.00000000000000000000
16584,PI-228,,0000002856896,285689,21,MATCHING BRIEFS/THONG/SHORTY BRIEFS,41,0,-41,0,,0,0.00000000000000000000
16585,PI-228,,0000002856902,285690,21,PACK OF BRIEFS,146,0,-146,0,,0,0.00000000000000000000
16586,PI-228,,0000002857213,285721,21,BOXER SHORTS/UNIT,33,0,-33,0,,0,0.00000000000000000000
16587,PI-228,,0000002859699,285969,21,SHORTY BRIEFS/BOXER BRIEFS UNIT,24,0,-24,0,,0,0.00000000000000000000
16588,PI-228,,0000002860503,286050,21,THONG/TANGA BRIEFS UNIT,70,0,-70,0,,0,0.00000000000000000000
16589,PI-228,,0000002863504,286350,21,PACK OF BRIEFS,127,0,-127,0,,0,0.00000000000000000000
16590,PI-228,,0000002865683,286568,21,PACK OF BRIEFS,38,0,-38,0,,0,0.00000000000000000000
16591,PI-228,,0000002867113,286711,24,2 PIECE PADDED SWIMSUIT,17,0,-17,0,,0,0.00000000000000000000
16592,PI-228,,0000002867137,286713,24,1 PIECE/2 PIECE SWIMSUIT LICENCE,1,0,-1,0,,0,0.00000000000000000000
16593,PI-228,,0000002867144,286714,24,1 PIECE/2 PIECE SWIMSUIT LICENCE,2,0,-2,0,,0,0.00000000000000000000
16594,PI-228,,0000002867151,286715,24,2 PIECE PADDED SWIMSUIT,62,0,-62,0,,0,0.00000000000000000000
16595,PI-228,,0000002867168,286716,24,2 PIECE PADDED SWIMSUIT,62,0,-62,0,,0,0.00000000000000000000
16596,PI-228,,0000002867175,286717,24,2 PIECE PADDED SWIMSUIT,8,0,-8,0,,0,0.00000000000000000000
16597,PI-228,,0000002867212,286721,24,1 PIECE SWIMSUIT,24,0,-24,0,,0,0.00000000000000000000
16598,PI-228,,0000002869568,286956,21,PACK OF BRIEFS,86,0,-86,0,,0,0.00000000000000000000
16599,PI-228,,0000002871943,287194,24,TRUNKS,22,0,-22,0,,0,0.00000000000000000000
16600,PI-228,,0000002872001,287200,24,SWIM SHORTS,22,0,-22,0,,0,0.00000000000000000000
16601,PI-228,,0000002873633,287363,24,SWIM SHORTS,20,0,-20,0,,0,0.00000000000000000000
16602,PI-228,,0000002873640,287364,24,SWIM SHORTS,86,0,-86,0,,0,0.00000000000000000000
16603,PI-228,,0000002873657,287365,24,SWIM SHORTS,44,0,-44,0,,0,0.00000000000000000000
16604,PI-228,,0000002873664,287366,24,SWIM SHORTS,47,0,-47,0,,0,0.00000000000000000000
16605,PI-228,,0000002873671,287367,24,SWIM SHORTS,36,0,-36,0,,0,0.00000000000000000000
16606,PI-228,,0000002873701,287370,24,SWIM SHORTS,45,0,-45,0,,0,0.00000000000000000000
16607,PI-228,,0000002873718,287371,24,SWIM SHORTS,29,0,-29,0,,0,0.00000000000000000000
16608,PI-228,,0000002873855,287385,24,1 PIECE/2 PIECE SWIMSUIT LICENCE,31,0,-31,0,,0,0.00000000000000000000
16609,PI-228,,0000002873862,287386,24,1 PIECE/2 PIECE SWIMSUIT LICENCE,29,0,-29,0,,0,0.00000000000000000000
16610,PI-228,,0000002873893,287389,24,2 PIECE PADDED SWIMSUIT,44,0,-44,0,,0,0.00000000000000000000
16611,PI-228,,0000002873916,287391,24,1 PIECE/2 PIECE SWIMSUIT LICENCE,48,0,-48,0,,0,0.00000000000000000000
16612,PI-228,,0000002873923,287392,24,1 PIECE/2 PIECE SWIMSUIT LICENCE,52,0,-52,0,,0,0.00000000000000000000
16613,PI-228,,0000002873930,287393,24,1 PIECE/2 PIECE SWIMSUIT LICENCE,70,0,-70,0,,0,0.00000000000000000000
16614,PI-228,,0000002873947,287394,24,1 PIECE/2 PIECE SWIMSUIT LICENCE,82,0,-82,0,,0,0.00000000000000000000
16615,PI-228,,0000002873954,287395,24,1 PIECE/2 PIECE SWIMSUIT LICENCE,73,0,-73,0,,0,0.00000000000000000000
16616,PI-228,,0000002873961,287396,24,1 PIECE/2 PIECE SWIMSUIT LICENCE,81,0,-81,0,,0,0.00000000000000000000
16617,PI-228,,0000002873978,287397,24,1 PIECE/2 PIECE SWIMSUIT LICENCE,78,0,-78,0,,0,0.00000000000000000000
16618,PI-228,,0000002873985,287398,24,1 PIECE/2 PIECE SWIMSUIT LICENCE,80,0,-80,0,,0,0.00000000000000000000
16619,PI-228,,0000002874036,287403,24,1 PIECE SWIMSUIT,19,0,-19,0,,0,0.00000000000000000000
16620,PI-228,,0000002874043,287404,24,1 PIECE/2 PIECE SWIMSUIT LICENCE,36,0,-36,0,,0,0.00000000000000000000
16621,PI-228,,0000002874067,287406,24,1 PIECE/2 PIECE SWIMSUIT LICENCE,13,0,-13,0,,0,0.00000000000000000000
16622,PI-228,,0000002876382,287638,24,BOXER SWIM TRUNKS,19,0,-19,0,,0,0.00000000000000000000
16623,PI-228,,0000002876399,287639,24,BOXER SWIM TRUNKS,22,0,-22,0,,0,0.00000000000000000000
16624,PI-228,,0000002876474,287647,24,BERMUDA SWIM SHORTS,84,0,-84,0,,0,0.00000000000000000000
16625,PI-228,,0000002876504,287650,24,BERMUDA SWIM SHORTS,21,0,-21,0,,0,0.00000000000000000000
16626,PI-228,,0000002876511,287651,24,BERMUDA SWIM SHORTS,36,0,-36,0,,0,0.00000000000000000000
16627,PI-228,,0000002876535,287653,24,BERMUDA SWIM SHORTS,58,0,-58,0,,0,0.00000000000000000000
16628,PI-228,,0000002876542,287654,24,BERMUDA SWIM SHORTS,41,0,-41,0,,0,0.00000000000000000000
16629,PI-228,,0000002876566,287656,24,BERMUDA SWIM SHORTS,2,0,-2,0,,0,0.00000000000000000000
16630,PI-228,,0000002886282,288628,23,PATTERNED SOCKS,10,0,-10,0,,0,0.00000000000000000000
16631,PI-228,,0000002886299,288629,23,PATTERNED SOCKS,16,0,-16,0,,0,0.00000000000000000000
16632,PI-228,,0000002886343,288634,24,2 PIECE SWIMSUIT,18,0,-18,0,,0,0.00000000000000000000
16633,PI-228,,0000002887395,288739,21,PADDED BRA+PANTS/SET,4,0,-4,0,,0,0.00000000000000000000
16634,PI-228,,0000002893358,289335,23,SOCKS FOOTSIES,19,0,-19,0,,0,0.00000000000000000000
16635,PI-228,,0000002893365,289336,23,PATTERNED SOCKS,22,0,-22,0,,0,0.00000000000000000000
16636,PI-228,,0000002893389,289338,23,PATTERNED SOCKS,20,0,-20,0,,0,0.00000000000000000000
16637,PI-228,,0000002893419,289341,23,PATTERNED SOCKS,7,0,-7,0,,0,0.00000000000000000000
16638,PI-228,,0000002893433,289343,23,PATTERNED SOCKS,-1,0,1,0,,0,0.00000000000000000000
16639,PI-228,,0000002893440,289344,23,PATTERNED SOCKS,39,0,-39,0,,0,0.00000000000000000000
16640,PI-228,,0000002894201,289420,23,SOCKS FOOTSIES,-16,0,16,0,,0,0.00000000000000000000
16641,PI-228,,0000002895642,289564,23,PP FILLE 2/5 - LOTX3 - PRINCESSE,122,0,-122,0,,0,0.00000000000000000000
16642,PI-228,,0000002898247,289824,23,SOCKS FOOTSIES,2,0,-2,0,,0,0.00000000000000000000
16643,PI-228,,0000002898759,289875,21,PACK OF BRIEFS,72,0,-72,0,,0,0.00000000000000000000
16644,PI-228,,0000002906423,290642,24,BERMUDA SWIM SHORTS,243,0,-243,0,,0,0.00000000000000000000
16645,PI-228,,0000002906607,290660,21,PACK OF BRIEFS,139,0,-139,0,,0,0.00000000000000000000
16646,PI-228,,0000002906638,290663,21,MATCHING NON-WIRED BRA,72,0,-72,0,,0,0.00000000000000000000
16647,PI-228,,0000002912950,291295,21,PACK OF BRIEFS,36,0,-36,0,,0,0.00000000000000000000
16648,PI-228,,0000002914008,291400,24,SWIM SHORTS,124,0,-124,0,,0,0.00000000000000000000
16649,PI-228,,0000002916491,291649,21,MATCHING BRIEFS/THONG/SHORTY BRIEFS,84,0,-84,0,,0,0.00000000000000000000
16650,PI-228,,0000002916507,291650,21,MATCHING BRIEFS/THONG/SHORTY BRIEFS,222,0,-222,0,,0,0.00000000000000000000
16651,PI-228,,0000002917511,291751,21,MATCHING BRA-BUSTIER/PADDED,89,0,-89,0,,0,0.00000000000000000000
16652,PI-228,,0000002917528,291752,21,MATCHING BRA-BUSTIER/PADDED,107,0,-107,0,,0,0.00000000000000000000
16653,PI-228,,0000002917535,291753,21,MATCHING BRA-BUSTIER/PADDED,120,0,-120,0,,0,0.00000000000000000000
16654,PI-228,,0000002917559,291755,21,MATCHING BRIEFS/THONG/SHORTY BRIEFS,72,0,-72,0,,0,0.00000000000000000000
16655,PI-228,,0000002917566,291756,21,MATCHING BRIEFS/THONG/SHORTY BRIEFS,71,0,-71,0,,0,0.00000000000000000000
16656,PI-228,,0000002917573,291757,21,MATCHING BRIEFS/THONG/SHORTY BRIEFS,95,0,-95,0,,0,0.00000000000000000000
16657,PI-228,,0000002917580,291758,21,MATCHING BRA-BUSTIER/PADDED,95,0,-95,0,,0,0.00000000000000000000
16658,PI-228,,0000002917597,291759,21,MATCHING BRA/UNDERWIRED/UNPADDED,95,0,-95,0,,0,0.00000000000000000000
16659,PI-228,,0000002917610,291761,21,MATCHING BRIEFS/THONG/SHORTY BRIEFS,96,0,-96,0,,0,0.00000000000000000000
16660,PI-228,,0000002917641,291764,21,SHORTY BRIEFS/BOXER BRIEFS UNIT,240,0,-240,0,,0,0.00000000000000000000
16661,PI-228,,0000002917658,291765,21,SHORTY BRIEFS/BOXER BRIEFS UNIT,237,0,-237,0,,0,0.00000000000000000000
16662,PI-228,,0000002917689,291768,21,MATCHING BRA-BUSTIER/PADDED,64,0,-64,0,,0,0.00000000000000000000
16663,PI-228,,0000002917719,291771,21,MATCHING BRIEFS/THONG/SHORTY BRIEFS,80,0,-80,0,,0,0.00000000000000000000
16664,PI-228,,0000002918150,291815,21,MATCHING BRIEFS/THONG/SHORTY BRIEFS,96,0,-96,0,,0,0.00000000000000000000
16665,PI-228,,0000002918167,291816,21,MATCHING BRA-BUSTIER/PADDED,64,0,-64,0,,0,0.00000000000000000000
16666,PI-228,,0000002918181,291818,21,MATCHING BRIEFS/THONG/SHORTY BRIEFS,80,0,-80,0,,0,0.00000000000000000000
16667,PI-228,,0000002918211,291821,21,BRA-BUSTIER/PADDED,96,0,-96,0,,0,0.00000000000000000000
16668,PI-228,,0000002918228,291822,21,BRA-BUSTIER/PADDED,90,0,-90,0,,0,0.00000000000000000000
16669,PI-228,,0000002918235,291823,21,SHORTY BRIEFS/BOXER BRIEFS UNIT,140,0,-140,0,,0,0.00000000000000000000
16670,PI-228,,0000002918259,291825,21,BRA-BUSTIER/PADDED,89,0,-89,0,,0,0.00000000000000000000
16671,PI-228,,0000002918273,291827,21,SHORTY BRIEFS/BOXER BRIEFS UNIT,191,0,-191,0,,0,0.00000000000000000000
16672,PI-228,,0000002918303,291830,21,PADDED BRA+PANTS/SET,143,0,-143,0,,0,0.00000000000000000000
16673,PI-228,,0000002918396,291839,21,PACK OF BRIEFS,141,0,-141,0,,0,0.00000000000000000000
16674,PI-228,,0000002918402,291840,21,BRIEF/PANTS UNIT,93,0,-93,0,,0,0.00000000000000000000
16675,PI-228,,0000002918945,291894,21,PACK OF BRIEFS,119,0,-119,0,,0,0.00000000000000000000
16676,PI-228,,0000002918952,291895,21,BOXER SHORTS/UNIT,191,0,-191,0,,0,0.00000000000000000000
16677,PI-228,,0000002918969,291896,21,PACK OF BRIEFS,144,0,-144,0,,0,0.00000000000000000000
16678,PI-228,,0000002922324,292232,23,PLAIN SOCKS,45,0,-45,0,,0,0.00000000000000000000
16679,PI-228,,0000002922331,292233,23,PLAIN SOCKS,40,0,-40,0,,0,0.00000000000000000000
16680,PI-228,,0000002922461,292246,21,GIRDLE,33,0,-33,0,,0,0.00000000000000000000
16681,PI-228,,0000002922522,292252,21,PACK OF BRIEFS,72,0,-72,0,,0,0.00000000000000000000
16682,PI-228,,0000002923017,292301,21,MATCHING BRA-BUSTIER/PADDED,55,0,-55,0,,0,0.00000000000000000000
16683,PI-228,,0000002923093,292309,21,MATCHING BRIEFS/THONG/SHORTY BRIEFS,37,0,-37,0,,0,0.00000000000000000000
16684,PI-228,,0000002923123,292312,21,MATCHING BRIEFS/THONG/SHORTY BRIEFS,37,0,-37,0,,0,0.00000000000000000000
16685,PI-228,,0000002923161,292316,21,MATCHING BRA/UNDERWIRED/UNPADDED,32,0,-32,0,,0,0.00000000000000000000
16686,PI-228,,0000002923178,292317,21,MATCHING BRIEFS/THONG/SHORTY BRIEFS,40,0,-40,0,,0,0.00000000000000000000
16687,PI-228,,0000002923406,292340,21,MATCHING BRIEFS/THONG/SHORTY BRIEFS,80,0,-80,0,,0,0.00000000000000000000
16688,PI-228,,0000002923505,292350,21,MATCHING BRIEFS/THONG/SHORTY BRIEFS,80,0,-80,0,,0,0.00000000000000000000
16689,PI-228,,0000002926964,292696,21,PACK OF BRIEFS,137,0,-137,0,,0,0.00000000000000000000
16690,PI-228,,0000002927008,292700,21,PACK OF BRIEFS,144,0,-144,0,,0,0.00000000000000000000
16691,PI-228,,0000002927039,292703,21,BOXER SHORTS/UNIT,192,0,-192,0,,0,0.00000000000000000000
16692,PI-228,,0000002929040,292904,21,PACK OF BRIEFS,72,0,-72,0,,0,0.00000000000000000000
16693,PI-228,,0000002933887,293388,21,MATCHING BRA-BUSTIER/PADDED,60,0,-60,0,,0,0.00000000000000000000
16694,PI-228,,0000002933894,293389,21,MATCHING BRIEFS/THONG/SHORTY BRIEFS,79,0,-79,0,,0,0.00000000000000000000
16695,PI-228,,0000002935492,293549,21,SHORTY BRIEFS/BOXER BRIEFS UNIT,128,0,-128,0,,0,0.00000000000000000000
16696,PI-228,,0000002936444,293644,21,SHORTY BRIEFS/BOXER BRIEFS UNIT,4,0,-4,0,,0,0.00000000000000000000
16697,PI-228,,0000002939308,293930,21,MATCHING BRA-TOP/NON-WIRED,106,0,-106,0,,0,0.00000000000000000000
16698,PI-228,,0000002939438,293943,21,MATCHING BRA-TOP/NON-WIRED,108,0,-108,0,,0,0.00000000000000000000
16699,PI-228,,0000002940274,294027,21,PADDED BRA+PANTS/SET,96,0,-96,0,,0,0.00000000000000000000
16700,PI-228,,0000002940298,294029,21,PADDED BRA+PANTS/SET,108,0,-108,0,,0,0.00000000000000000000
16701,PI-228,,0000002945224,294522,21,BRIEFS UNIT,72,0,-72,0,,0,0.00000000000000000000
16702,PI-228,,0000002945262,294526,21,PACK OF BRIEFS,72,0,-72,0,,0,0.00000000000000000000
16703,PI-228,,0000002947372,294737,21,PADDED BRA+PANTS/SET,141,0,-141,0,,0,0.00000000000000000000
16704,PI-228,,0000002948942,294894,21,PACK OF BRIEFS,72,0,-72,0,,0,0.00000000000000000000
16705,PI-228,,0000002948973,294897,21,PACK OF BRIEFS,71,0,-71,0,,0,0.00000000000000000000
16706,PI-228,,0000002952062,295206,21,PACK OF BRIEFS,144,0,-144,0,,0,0.00000000000000000000
16707,PI-228,,0000002953762,295376,21,PACK OF BRIEFS,105,0,-105,0,,0,0.00000000000000000000
16708,PI-228,,0000002955674,295567,23,CHAUSSETTE FEMME - PP X5 UNI COULEUR,50,0,-50,0,,0,0.00000000000000000000
16709,PI-228,,0000002955698,295569,23,CHAUSSETTE FEMME - X5 UNIES NOIR,50,0,-50,0,,0,0.00000000000000000000
16710,PI-228,,0000002955704,295570,23,CHAUSSETTE FEMME - X5 UNIES COULEUR,45,0,-45,0,,0,0.00000000000000000000
16711,PI-228,,0000002957654,295765,23,CHAUSSETTE HOMME-X3 MAILE COTE,148,0,-148,0,,0,0.00000000000000000000
16712,PI-228,,0000002960197,296019,21,VEST+BRIEFS-BOXER BRIEFS/SET,72,0,-72,0,,0,0.00000000000000000000
16713,PI-228,,0000002960210,296021,21,BRIEFS UNIT,72,0,-72,0,,0,0.00000000000000000000
16714,PI-228,,0000002960258,296025,21,PACK OF BRIEFS,65,0,-65,0,,0,0.00000000000000000000
16715,PI-228,,0000002960265,296026,21,PACK OF BRIEFS,72,0,-72,0,,0,0.00000000000000000000
16716,PI-228,,0000002963556,296355,21,MATCHING BRA-TOP/NON-WIRED,64,0,-64,0,,0,0.00000000000000000000
16717,PI-228,,0000002964973,296497,23,PUB 630 // 8-16F- SOCKS FANT - SEMAINIER- LOTX7,46,0,-46,0,,0,0.00000000000000000000
16718,PI-228,,0000002967011,296701,25,WARM TIGHTS,22,0,-22,0,,0,0.00000000000000000000
16719,PI-228,,0000002967165,296716,23,PUB 630 // CHAUSSETTES FANTAISIE 6-14G LOTX7,25,0,-25,0,,0,0.00000000000000000000
