Barcode
3663289147728
3663289147742
3663289147780
3663289150193
3663289150209
3663289151145
3663289151176
3663289151213
3663289151251
3663289151497
3663289151534
3663289152944
3663289153378
3663289153385
3663289153415
3663289153514
3663289153743
3663289153750
3663289153767
3663289154108
3663289154115
3663289154221
3663289154269
3663289154931
3663289155648
3663289155662
3663289166958
3663289166989
3663289167016
3663289167054
3663289167672
3663289167696
3663289167719
3663289167733
3663289167740
3663289167887
3663289167931
3663289169447
3663289169492
3663289169546
3663289169676
3663289169713
3663289170771
3663289170870
3663289171167
3663289172331
3663289173833
3663289173864
3663289175899
3663289175936
3663289183436
3663289183443
3663289183498
3663289183542
3663289183559
3663289183580
3663289183719
3663289183726
3663289183757
3663289188493
3663289188530
3663289188547
3663289188585
3663289189360
3663289189421
3663289190014
3663289190281
3663289190328
3663289191806
3663289194159
3663289194180
3663289198317
3663289198355
3663289198379
3663289198386
3663289198560
3663289199147
3663289199154
3663289199420
3663289199482
3663289199857
3663289199871
3663289199888
3663289200034
3663289200072
3663289200416
3663289200577
3663289212419
3663289214000
3663289214024
3663289214260
3663289147704
3663289147711
3663289147773
3663289150117
3663289150124
3663289150155
3663289150179
3663289150186
3663289150216
3663289151220
3663289151237
3663289151244
3663289151541
3663289152838
3663289152852
3663289152869
3663289152883
3663289152890
3663289152913
3663289152999
3663289153408
3663289153422
3663289153446
3663289153538
3663289153606
3663289153637
3663289153651
3663289153668
3663289153675
3663289153699
3663289153705
3663289154085
3663289154245
3663289154252
3663289166972
3663289167023
3663289167061
3663289167498
3663289167504
3663289167535
3663289167641
3663289167849
3663289167863
3663289167870
3663289167894
3663289168037
3663289168051
3663289168075
3663289168099
3663289169102
3663289169126
3663289169133
3663289169393
3663289169522
3663289169720
3663289170795
3663289171099
3663289171105
3663289172317
3663289173857
3663289174328
3663289175912
3663289183467
3663289183573
3663289183917
3663289183924
3663289188516
3663289188523
3663289188622
3663289189414
3663289189964
3663289190007
3663289190021
3663289190267
3663289191844
3663289192964
3663289192988
3663289192995
3663289194111
3663289194241
3663289198256
3663289198263
3663289198362
3663289198539
3663289198874
3663289199178
3663289199383
3663289199437
3663289199451
3663289199468
3663289199475
3663289199864
3663289199901
3663289200027
3663289200409
3663289200430
3663289200447
3663289212334
3663289212358
3663289212440
3663289214017
3663289214253
3663289214291
3663289147599
3663289147735
3663289147766
3663289150094
3663289150100
3663289150148
3663289150162
3663289150247
3663289151152
3663289151206
3663289151503
3663289151510
3663289151527
3663289152821
3663289152937
3663289152951
3663289152982
3663289153392
3663289153484
3663289153507
3663289153590
3663289153613
3663289153644
3663289153729
3663289153736
3663289154078
3663289154092
3663289154924
3663289154948
3663289154962
3663289155617
3663289155631
3663289155655
3663289167511
3663289167542
3663289167702
3663289167726
3663289167900
3663289167917
3663289167924
3663289167948
3663289167955
3663289167986
3663289167993
3663289168006
3663289168044
3663289168068
3663289169386
3663289169423
3663289169478
3663289169485
3663289169539
3663289169683
3663289169706
3663289171655
3663289172324
3663289172362
3663289172379
3663289174298
3663289174304
3663289174311
3663289175752
3663289175769
3663289175882
3663289183450
3663289183481
3663289183603
3663289183702
3663289183740
3663289183832
3663289183856
3663289183863
3663289183962
3663289183979
3663289188509
3663289188561
3663289188592
3663289188615
3663289189391
3663289190298
3663289191813
3663289191820
3663289191837
3663289191868
3663289193008
3663289193015
3663289193022
3663289194166
3663289194203
3663289198300
3663289198522
3663289198904
3663289199161
3663289199185
3663289199406
3663289199789
3663289199895
3663289200041
3663289200058
3663289200065
3663289200393
3663289200423
3663289200454
3663289200546
3663289200553
3663289200584
3663289205695
3663289212365
3663289212457
3663289214031
3663289214048
3663289214277
3663289214284
3663289150223
3663289150230
3663289150254
3663289150261
3663289151169
3663289151183
3663289151190
3663289152906
3663289152920
3663289152968
3663289152975
3663289153453
3663289153477
3663289153491
3663289153521
3663289153545
3663289153620
3663289153682
3663289153712
3663289154238
3663289154917
3663289154955
3663289155624
3663289166965
3663289166996
3663289167030
3663289167047
3663289167528
3663289167634
3663289167658
3663289167665
3663289167856
3663289168013
3663289168020
3663289168082
3663289169096
3663289169119
3663289169409
3663289169416
3663289169430
3663289169454
3663289169461
3663289169508
3663289169515
3663289169690
3663289171082
3663289171631
3663289172348
3663289172386
3663289173840
3663289174175
3663289175776
3663289183474
3663289183597
3663289183689
3663289183696
3663289183733
3663289183795
3663289183801
3663289183818
3663289183825
3663289183849
3663289183931
3663289183948
3663289183955
3663289188486
3663289188578
3663289188608
3663289189384
3663289189407
3663289189971
3663289189988
3663289189995
3663289190274
3663289190304
3663289190311
3663289191851
3663289194128
3663289194135
3663289194173
3663289194197
3663289194210
3663289194227
3663289194234
3663289198270
3663289198287
3663289198294
3663289198331
3663289198348
3663289198393
3663289198546
3663289198553
3663289198881
3663289198898
3663289198911
3663289199376
3663289199413
3663289199499
3663289199505
3663289199796
3663289199802
3663289199819
3663289199840
3663289200591
3663289212327
3663289212426
3663289212433
