Barcode
3663289183436
3663289183443
3663289183498
3663289183542
3663289183559
3663289183580
3663289183719
3663289183726
3663289183757
3663289188493
3663289188530
3663289188547
3663289188585
3663289189360
3663289189421
3663289190014
3663289190281
3663289190328
3663289191806
3663289194159
3663289194180
3663289198317
3663289198355
3663289198379
3663289198386
3663289198560
3663289199147
3663289199154
3663289199420
3663289199482
3663289199857
3663289199871
3663289199888
3663289200034
3663289200072
3663289200416
3663289200577
3663289212419
3663289214000
3663289214024
3663289214260
3663289183467
3663289183573
3663289183917
3663289183924
3663289188516
3663289188523
3663289188622
3663289189414
3663289189964
3663289190007
3663289190021
3663289190267
3663289191844
3663289192964
3663289192988
3663289192995
3663289194111
3663289194241
3663289198256
3663289198263
3663289198362
3663289198539
3663289198874
3663289199178
3663289199383
3663289199437
3663289199451
3663289199468
3663289199475
3663289199864
3663289199901
3663289200027
3663289200409
3663289200430
3663289200447
3663289212334
3663289212358
3663289212440
3663289214017
3663289214253
3663289214291
3663289183450
3663289183481
3663289183603
3663289183702
3663289183740
3663289183832
3663289183856
3663289183863
3663289183962
3663289183979
3663289188509
3663289188561
3663289188592
3663289188615
3663289189391
3663289190298
3663289191813
3663289191820
3663289191837
3663289191868
3663289193008
3663289193015
3663289193022
3663289194166
3663289194203
3663289198300
3663289198522
3663289198904
3663289199161
3663289199185
3663289199406
3663289199789
3663289199895
3663289200041
3663289200058
3663289200065
3663289200393
3663289200423
3663289200454
3663289200546
3663289200553
3663289200584
3663289205695
3663289212365
3663289212457
3663289214031
3663289214048
3663289214277
3663289214284
3663289183474
3663289183597
3663289183689
3663289183696
3663289183733
3663289183795
3663289183801
3663289183818
3663289183825
3663289183849
3663289183931
3663289183948
3663289183955
3663289188486
3663289188578
3663289188608
3663289189384
3663289189407
3663289189971
3663289189988
3663289189995
3663289190274
3663289190304
3663289190311
3663289191851
3663289194128
3663289194135
3663289194173
3663289194197
3663289194210
3663289194227
3663289194234
3663289198270
3663289198287
3663289198294
3663289198331
3663289198348
3663289198393
3663289198546
3663289198553
3663289198881
3663289198898
3663289198911
3663289199376
3663289199413
3663289199499
3663289199505
3663289199796
3663289199802
3663289199819
3663289199840
3663289200591
3663289212327
3663289212426
3663289212433
